Temp;Tau;dTau;Alpha;ChiS;ChiT;Residual;Tau_Err
    2.2039151569e+00;    9.7446835839e-03;    8.9160974692e-01;    5.0076104374e-10;    1.2351957924e-01;    9.8098454841e-01;   -3.1628252424e+00;    8.4939696307e-03
    3.0045037323e+00;    1.6092750269e+06;    4.5253247264e+00;    3.4586973804e-01;    6.3428717822e-02;    2.8704933931e+04;    1.3702771521e-01;    5.3943862832e+10
    4.0019746907e+00;    4.3084379459e-01;    3.8207413542e-01;    1.3492914364e-01;    5.3676442003e-02;    9.5477133347e+00;    1.0654287055e-01;    2.5209393604e-01
    5.0002037044e+00;    1.9847278426e-02;    1.0941955109e-01;    1.8462571441e-02;    5.1244522741e-02;    2.0999615213e+00;    9.1804937329e-02;    5.1457185039e-04
    5.5012772105e+00;    1.3022727787e-02;    1.2805399669e-01;    2.4953175520e-02;    4.7092042480e-02;    2.0566346649e+00;    5.8659305233e-02;    1.4965255848e-04
    5.9993761089e+00;    8.1310336168e-03;    1.2096175980e-01;    2.2383196622e-02;    4.3620220272e-02;    1.8700639525e+00;    7.6202223447e-02;    4.9239451737e-05
    6.4988457012e+00;    5.2552290424e-03;    9.5838674926e-02;    1.4284766285e-02;    4.1949001760e-02;    1.7132246410e+00;    1.0431958002e-01;    6.2320447731e-05
    7.0019255540e+00;    3.5326652140e-03;    6.4103238341e-02;    6.4921883791e-03;    4.1211651890e-02;    1.5837151360e+00;    7.9229600782e-02;    2.8266829535e-05
    7.5024920665e+00;    2.5287048903e-03;    7.6972034095e-02;    9.3074838874e-03;    3.9751535557e-02;    1.5065062111e+00;   -3.6617766996e-02;    1.4794674547e-05
    8.0034570972e+00;    1.7937016209e-03;    5.4640276463e-02;    4.7336162660e-03;    3.8304451844e-02;    1.4013836608e+00;    3.6410715373e-02;    1.1904713913e-05
    8.4969402153e+00;    1.3210823119e-03;    7.0630176238e-02;    7.8598673430e-03;    3.6150725684e-02;    1.3279422629e+00;    2.3076426003e-02;    5.6384635013e-06
    8.9998709085e+00;    9.9064058123e-04;    8.3281154084e-02;    1.0861658504e-02;    3.4659167927e-02;    1.2638550423e+00;   -3.1390901053e-02;    5.9277347543e-06
    9.5007315032e+00;    7.5053799068e-04;    7.3263053183e-02;    8.4467705171e-03;    3.3914307166e-02;    1.2002135764e+00;   -1.9347323026e-02;    4.4717776053e-06
    1.0004570410e+01;    5.8000039492e-04;    7.8881695751e-02;    9.7660005673e-03;    3.2802877145e-02;    1.1421101872e+00;   -2.0048203725e-02;    3.1941707781e-06
    1.0505081164e+01;    4.5146112852e-04;    6.3099414767e-02;    6.2929746808e-03;    3.2745526953e-02;    1.0863556531e+00;   -7.2076966523e-02;    2.6965632633e-06
    1.1003569293e+01;    3.5314794094e-04;    4.2143631058e-02;    2.8267910502e-03;    3.2400413395e-02;    1.0325359363e+00;   -4.8318110466e-03;    2.5030551842e-06
    1.1503486180e+01;    2.8389882868e-04;    7.7609210209e-02;    9.4593166607e-03;    3.1228549673e-02;    1.0017475743e+00;   -2.5222162246e-01;    5.3671774858e-06
    1.2003298510e+01;    2.2382027298e-04;    1.4841728907e-02;    3.1608049511e-13;    3.0906769596e-02;    9.4163917243e-01;   -1.8333661756e-01;    7.5196888970e-06
    1.2503309317e+01;    1.8467317006e-04;    6.4149160908e-02;    6.5013733058e-03;    3.0306910251e-02;    9.1842604484e-01;   -1.3003357175e-01;    3.1702294474e-06
    1.3003382389e+01;    1.5147932452e-04;    9.3465564466e-02;    1.3604848973e-02;    2.7238688314e-02;    8.8796071626e-01;   -1.1332486479e-03;    4.2285671979e-06
    1.3503357889e+01;    1.2580444719e-04;    1.0110622787e-01;    1.5847798958e-02;    2.7497252619e-02;    8.6171368197e-01;   -3.5695516738e-01;    4.8201818842e-06
    1.4003484869e+01;    1.0566951431e-04;    1.3330362147e-01;    2.6931428458e-02;    2.3528086732e-02;    8.4100181623e-01;   -3.8226304571e-01;    5.7364115823e-06
    1.4504297598e+01;    8.7317693476e-05;    9.5403958424e-02;    1.4159081152e-02;    2.6457556690e-02;    7.9947489073e-01;   -5.9105941771e-02;    1.6499884901e-06
    1.5005236675e+01;    7.1947349498e-05;    1.7754277388e-02;    1.2000955785e-12;    2.6332180319e-02;    7.5417299498e-01;    1.3168757523e-01;    2.8819509957e-06
    1.5504813154e+01;    6.2698252546e-05;    1.7515067533e-01;    4.4802154763e-02;    1.3761066656e-02;    7.6637032780e-01;   -2.7921553030e-03;    4.5685273274e-06
    1.6005880564e+01;    5.2881430246e-05;    1.8944252222e-02;    5.7377948232e-04;    3.0638031000e-02;    7.1872524602e-01;    1.7104801367e-02;    1.1202787864e-06
    1.6505396924e+01;    4.5033141632e-05;    1.5613813954e-02;    3.8991313150e-04;    3.0692184116e-02;    6.9669047180e-01;   -7.0167247039e-03;    8.9755151299e-07
    1.7006114062e+01;    3.8176711087e-05;    2.3787077269e-02;    2.6545432519e-10;    2.8789375443e-02;    6.7275521746e-01;    3.3721930912e-02;    2.0347732951e-06
    1.8004704299e+01;    2.7922062459e-05;    1.1181120030e-01;    1.9247659502e-02;    2.4737363771e-02;    6.4840940081e-01;   -2.5631433048e-01;    2.2571884683e-06
    1.9004134640e+01;    2.0302628673e-05;    6.9672091945e-02;    7.6512944897e-03;    3.1340197173e-02;    6.1033694534e-01;   -1.4645312752e-01;    1.5506480674e-06
    2.0004168612e+01;    1.4236010055e-05;    9.2838447909e-02;    1.3427716535e-02;    2.7234912318e-02;    5.8060438569e-01;    1.4552698388e-02;    8.4849688816e-07
    2.1007135990e+01;    9.8115753808e-06;    1.0421052152e-01;    1.6803224552e-02;    2.5744408935e-02;    5.5359886728e-01;   -1.2600256391e-02;    8.1539353370e-07
    2.2009103551e+01;    6.6255060636e-06;    1.3495913125e-01;    2.0443812029e-02;    2.7712976334e-02;    5.2985727054e-01;   -1.1364235653e-01;    1.7697157490e-06
